<?xml version="1.0"?>
<opencv_storage>
<calibration_Time>"06/28/15 11:09:09"</calibration_Time>
<nrOfFrames>9</nrOfFrames>
<image_Width>640</image_Width>
<image_Height>480</image_Height>
<board_Width>9</board_Width>
<board_Height>6</board_Height>
<square_Size>50.</square_Size>
<FixAspectRatio>1.</FixAspectRatio>
<!-- flags:  +fix_aspectRatio +fix_principal_point +zero_tangent_dist -->
<flagValue>14</flagValue>
<Camera_Matrix type_id="opencv-matrix">
  <rows>3</rows>
  <cols>3</cols>
  <dt>d</dt>
  <data>
    5.4188899681238149e+002 0. 3.1950000000000000e+002 0.
    5.4188899681238149e+002 2.3950000000000000e+002 0. 0. 1.</data></Camera_Matrix>
<Distortion_Coefficients type_id="opencv-matrix">
  <rows>5</rows>
  <cols>1</cols>
  <dt>d</dt>
  <data>
    -2.9721796139351592e-001 1.2731686711723433e-001 0. 0.
    -1.4079127960652598e-002</data></Distortion_Coefficients>
<Avg_Reprojection_Error>5.0422346547894858e-001</Avg_Reprojection_Error>
<Per_View_Reprojection_Errors type_id="opencv-matrix">
  <rows>9</rows>
  <cols>1</cols>
  <dt>f</dt>
  <data>
    1.86298445e-001 1.19740570e+000 2.59612381e-001 2.53194511e-001
    4.23950702e-001 2.39761397e-001 3.21103156e-001 4.70172286e-001
    3.56074780e-001</data></Per_View_Reprojection_Errors>
<!-- a set of 6-tuples (rotation vector + translation vector) for each view -->
<Extrinsic_Parameters type_id="opencv-matrix">
  <rows>9</rows>
  <cols>6</cols>
  <dt>d</dt>
  <data>
    1.7264051889230123e-001 3.1129461720059759e-001
    1.2744368092268667e-002 -1.1594095452199186e+002
    -2.2407164886528739e+002 8.1249725349561288e+002
    3.9314079532825935e-001 6.8988917816336937e-001
    -1.3471154698327450e+000 -8.6810105591207275e+001
    1.6058707719861070e+002 7.1895687930334134e+002
    -2.7040410125739150e-001 2.2148591081149954e-001
    3.6173416529114449e-001 -5.2556754791218097e+001
    -2.0521668727824169e+002 6.4444717543452657e+002
    -1.0884408691084747e-001 2.7619997008179659e-001
    1.4798608832423655e-003 -1.6855801885860396e+002
    -1.3943428723464282e+002 6.7467037247316398e+002
    -2.6545158942657576e-001 4.5935165603333616e-001
    1.3219125941755034e+000 1.4402739592888014e+002
    -2.3453043724179236e+002 6.3399540173117339e+002
    4.3951855071866247e-001 3.1992174781675758e-001
    1.6427712243667310e+000 3.6430414062321182e+002
    -1.3628925161655221e+002 6.6944078597709654e+002
    2.2204470071345786e-001 3.7095060278528735e-001
    1.8680578699989354e+000 7.2473443668250113e+001
    -1.4921255620291510e+002 7.8204317233177869e+002
    -5.5709354351164385e-002 5.0536762544570946e-001
    1.7593991240799007e+000 1.8515209095295953e+002
    -1.8000320298404026e+002 6.3171570184300185e+002
    2.1235219661562008e-001 -3.8709149760335859e-001
    1.2726264508916316e-001 -1.0843264698717950e+002
    -1.6611948511279653e+002 5.6605495323711023e+002</data></Extrinsic_Parameters>
<Image_points type_id="opencv-matrix">
  <rows>9</rows>
  <cols>54</cols>
  <dt>"2f"</dt>
  <data>
    2.44406769e+002 9.41365204e+001 2.74395813e+002 9.22103271e+001
    3.05502899e+002 9.03202286e+001 3.38311646e+002 8.87927780e+001
    3.71721252e+002 8.78762589e+001 4.06455688e+002 8.67116470e+001
    4.41635803e+002 8.62466736e+001 4.77622681e+002 8.62217865e+001
    5.13768127e+002 8.65294418e+001 2.44889969e+002 1.26179314e+002
    2.74704559e+002 1.24875961e+002 3.06062805e+002 1.23983727e+002
    3.38623901e+002 1.23085480e+002 3.72249237e+002 1.22286339e+002
    4.06666351e+002 1.22141472e+002 4.42087555e+002 1.22086365e+002
    4.78016876e+002 1.22238617e+002 5.14271606e+002 1.22784706e+002
    2.45355911e+002 1.58276794e+002 2.75250000e+002 1.58050430e+002
    3.06545837e+002 1.57648071e+002 3.38891602e+002 1.57398346e+002
    3.72385498e+002 1.57415909e+002 4.06800812e+002 1.57496490e+002
    4.42110077e+002 1.57886719e+002 4.77914734e+002 1.58323273e+002
    5.13886963e+002 1.59375763e+002 2.46349197e+002 1.90389099e+002
    2.75859100e+002 1.90516754e+002 3.07084076e+002 1.91059174e+002
    3.39264191e+002 1.91560211e+002 3.72576538e+002 1.92044983e+002
    4.06767487e+002 1.92521912e+002 4.41712799e+002 1.93620789e+002
    4.77408478e+002 1.94334076e+002 5.13077393e+002 1.95623001e+002
    2.47350464e+002 2.22271698e+002 2.76926270e+002 2.23412094e+002
    3.07562439e+002 2.24257202e+002 3.39554474e+002 2.25401108e+002
    3.72705872e+002 2.26323166e+002 4.06593506e+002 2.27648132e+002
    4.41249695e+002 2.28629303e+002 4.76691406e+002 2.30001801e+002
    5.11917786e+002 2.31575119e+002 2.48923523e+002 2.53592636e+002
    2.77595795e+002 2.55093399e+002 3.08493011e+002 2.56514862e+002
    3.40011597e+002 2.58242126e+002 3.72682922e+002 2.59910431e+002
    4.06221558e+002 2.61701111e+002 4.40503387e+002 2.63232697e+002
    4.75321808e+002 2.64625122e+002 5.10365173e+002 2.66202393e+002
    2.56438416e+002 3.62335632e+002 2.55237549e+002 3.34424438e+002
    2.54305267e+002 3.08908417e+002 2.53285324e+002 2.80396210e+002
    2.52632645e+002 2.48559570e+002 2.51751678e+002 2.12814545e+002
    2.51259506e+002 1.72682373e+002 2.51095459e+002 1.27983505e+002
    2.51463165e+002 7.81900940e+001 2.91015137e+002 3.69226959e+002
    2.92614044e+002 3.43450134e+002 2.93632965e+002 3.18090576e+002
    2.95141296e+002 2.89763519e+002 2.96853302e+002 2.58062897e+002
    2.98762482e+002 2.22360321e+002 3.01109711e+002 1.82124344e+002
    3.03762482e+002 1.36982285e+002 3.07057343e+002 8.67120438e+001
    3.27583435e+002 3.77661133e+002 3.30838654e+002 3.52218933e+002
    3.34245605e+002 3.27160858e+002 3.38061584e+002 2.99222717e+002
    3.42266541e+002 2.67763641e+002 3.47086670e+002 2.32245316e+002
    3.52377838e+002 1.92209808e+002 3.58425873e+002 1.46961563e+002
    3.65127014e+002 9.67773743e+001 3.63314178e+002 3.86136749e+002
    3.69524048e+002 3.60486084e+002 3.75276794e+002 3.36097015e+002
    3.81592224e+002 3.08356354e+002 3.88453583e+002 2.77457062e+002
    3.96135986e+002 2.42338501e+002 4.04605469e+002 2.02723602e+002
    4.13966675e+002 1.57759872e+002 4.24129974e+002 1.07841232e+002
    4.01030426e+002 3.91367462e+002 4.08463379e+002 3.68606415e+002
    4.16432281e+002 3.44544006e+002 4.25239075e+002 3.17361603e+002
    4.34802765e+002 2.86784515e+002 4.45283203e+002 2.52392487e+002
    4.56842773e+002 2.13545944e+002 4.69520477e+002 1.69350540e+002
    4.83134064e+002 1.20094322e+002 4.35319031e+002 4.02528687e+002
    4.46714478e+002 3.76146393e+002 4.56984894e+002 3.52432404e+002
    4.68076294e+002 3.25776184e+002 4.80230011e+002 2.96078125e+002
    4.93467560e+002 2.62406525e+002 5.07863831e+002 2.24147812e+002
    5.23488831e+002 1.81126923e+002 5.40095825e+002 1.33088364e+002
    2.77199219e+002 7.21990280e+001 3.13964325e+002 8.12421570e+001
    3.53009338e+002 9.10326385e+001 3.93244110e+002 1.01968048e+002
    4.34717316e+002 1.13616196e+002 4.77097229e+002 1.26354828e+002
    5.19730835e+002 1.39577423e+002 5.62360840e+002 1.53604767e+002
    6.03785828e+002 1.68300354e+002 2.60026581e+002 1.05353920e+002
    2.97559692e+002 1.15199844e+002 3.37163696e+002 1.26309692e+002
    3.78443054e+002 1.38128113e+002 4.21071930e+002 1.50896118e+002
    4.64540680e+002 1.64443741e+002 5.08506409e+002 1.78623917e+002
    5.52412720e+002 1.93252930e+002 5.95454224e+002 2.08165466e+002
    2.42457245e+002 1.40619232e+002 2.80194824e+002 1.51811310e+002
    3.20520660e+002 1.63929672e+002 3.62618286e+002 1.77005905e+002
    4.06079895e+002 1.90711761e+002 4.50688751e+002 2.05273666e+002
    4.95927032e+002 2.20153717e+002 5.41214722e+002 2.35305420e+002
    5.85326233e+002 2.50700729e+002 2.24179962e+002 1.77884689e+002
    2.62500153e+002 1.90551437e+002 3.03178558e+002 2.03901459e+002
    3.45796967e+002 2.18189178e+002 3.90003021e+002 2.32978455e+002
    4.35587219e+002 2.48380905e+002 4.81949768e+002 2.64084686e+002
    5.28270203e+002 2.79976532e+002 5.73573792e+002 2.95576935e+002
    2.05901947e+002 2.17119629e+002 2.44138229e+002 2.31023392e+002
